9926735691 287
9655921954 1287
9649298941 649
7661378108 956
6940206974 1780
6759889410 1055
6221848978 271
6216142007 550
4523856444 4118
4434528807 1959
10765566974 498
10029297024 436
9933939850 1212
9104763985 432
8321616508 599
7970033072 1831
7703544118 304
7283491781 1562
3308103880 7953
3116863918 597
2049551477 2189
1836146838 2672
274816972 2356
10274447949 2263
10112019404 2745
9697502306 1616
4642134795 286
10520829450 4629
10329995185 795
9668574764 383
8087030587 489
7633926880 6447
6983536246 1005
6236162143 386
5156590883 293
4795326392 674
3218272328 445
2520686564 970
2383988292 296
93740418 1775
3384187191 570
1617287243 808
905198065 749
10764888929 701
10544327471 1974
10539411000 10699
9780429221 3951
9564659718 906
9506013695 4111
7436755782 14617
5720553711 8257
5700160823 285
4669435504 497
4557322431 2943
3349588628 321
994732206 213842
648454481 22010
616165168 2113
10061100187 2004
9938429322 769
9807649116 3654
9142917248 1986
7450124099 962
5027504417 534
4938220315 1083
4491246195 1347
10764640833 8072
10516066038 9727
10482775464 1771
10389353525 339
10278774552 6794
10265803948 292
3764631130 1369
10762008472 257
10744310825 24769
9829910038 360
9167377564 11829
6048923315 1073
5493012775 648
2080556531 348
9826685598 322
7290225649 510
7076793942 434
5254920366 3263
4346424098 357
10246108265 3255
9796643263 434
9098570654 6388
7884563721 850
3666294218 735
10758397570 4891
10700618962 12896
10230942274 7397
9852933243 330
9363735110 3898
6774320049 17864
5877971206 390
4750561026 11793
4724071612 275
2820580801 433
1795206523 716
123956318 504
7009714292 333
4592676978 1876
4457060041 1825
9942734820 1043
9585571512 285
9328305853 855
7414497778 2456
4833468691 420
4601145322 705
2668101271 22946
1751760283 280
1268927906 6205
847722000 365
52494682 434
10765012427 24986
10737626980 395
9272693470 728
8662243497 1990
7488668004 6604
4319996251 1744
4075802159 392
3918560032 507
10763764817 9057
9880286438 6638
9150731899 1564
7843413523 2637
7554119808 16798
6961334611 622
5568657754 1087
4851783408 589
3012965062 5324
1177208440 1181
63951305 386
10642022844 1043
10516888336 1697
10336278580 3413
10138977250 286
9294646427 1243
10342857565 426
9825259729 453
6621384161 348
6619936488 2064
5939817752 317
4181957649 2626
3417194043 2034
2360092394 2965
1526814825 9049
10337157761 448
9501701013 2152
5091490171 2917
4434803478 460
3064619271 318
2628404708 404
1784051919 467
9404155369 368
9317784977 1368
7747782974 1546
4154513353 955
4079077350 513
3754482795 3934
2239430935 1110
111958650 3444
10764300350 2487
10041928466 355
10004760418 1437
9855761734 10602
9722598100 311
9584946743 3477
4579085368 1362
212154879 425
10546705891 2094
9639553972 734
9352840896 314
7703614594 3686
7383133134 505
6375110339 2137
6170143659 4221
3187874989 2975
3168615253 1976
1267991351 481
10766239678 2352
10506207587 520
9889811676 803
9320470390 896
5283219861 6538
4991821731 1285
2316994223 469
1358133289 775
10759337137 7339
10683945170 1130
10624691669 12734
10310095331 382
9237322219 431
6937137675 1597
3034836582 361
2765784373 5423
1318971886 2052
1310079979 293
1171251167 2129
10179193118 478
10090384240 409
9950410865 975
9776222468 1692
8472682462 876
4652005960 437
4540494160 442
3934054182 314
3551414857 1355
1954152886 2652
1742264997 2083
279565647 743
10549129889 418
10046786918 2469
9102566780 305
5576890130 1078
5365966699 1294
5174979552 809
3989869156 422
2471084 9818
10399125962 7098
10337069275 338
9884025025 275
8659262047 1153
7127084123 3864
5974510967 372
5665954430 524
3150475059 1635
10765481558 2615
10211159992 2119
8356066619 3494
7613921865 5293
5270259419 574
5206433511 340
4925331346 3358
4850044287 5575
3608594708 1605
2955322961 435
9592387369 6938
8957522683 245
7848646653 325
6413074235 1364
6176333237 449
4071487712 619
10298144467 3090
9199655655 8740
8438735581 466
8296765616 2041
8246907060 2172
7091388561 559
6858584271 1540
4689722433 3453
3171190217 577
2839156349 322
2644656496 1073
102815652 365
9271890694 322
9169166771 1335
9076692567 500
5385674359 2073
3913007563 2477
2544520106 492
1315966725 503
9751615286 575
7651243549 346
6289989379 303
32211175 378
10563114921 1081294
10454554751 1538
10343795685 443
9297902951 625
7857274278 348
7528417535 2034
6521100398 19380
4275891591 408
4139766490 691
10571722689 969
10463578886 905
10176502031 411
7658676858 880
7364297396 2272
7346697338 482
7143545906 680
4507116437 518
1892760830 815
1125307892 309
1001911915 1402
10699057921 736
10529769390 8717
10271723279 1250
9705384247 1011
9564490170 1156
9145063979 6647
8795154789 1841
6690355795 1295
6466404775 1981
5056259915 599
3274669156 379
371112664 480
10537172776 2005
9882296644 767
9826885587 3995
7628118889 1926
3541611379 8250
2643072291 1518
8726258 378
10599927450 901
10461810987 1040
5200655965 682
4885171702 439
4130569984 1663
97314177 1051
10155360168 58102
7247232515 483
6417098982 373
4186374809 436
2233937689 2550
10766105412 1081
10480747190 841
10192659240 556
9911988958 810
9898409899 662
9162763535 2298
8613176669 1632
8181391950 1667
7917550094 2589
6325068386 18803
4362587875 1974
1247231049 355
10532995815 8094
10404293465 359
10290366643 396
10284380969 436
9940076108 420
9866884975 359
9296252245 6572
9141743926 3920
8786713187 1068
6015491985 1827
5617259335 469
1024564064 1136
504035427 393
10004244222 12841
7350402084 626
3183742847 348
3108473052 429
952510115 613
9715999586 342
7661385356 523
2516044547 394
73754455 1023
10586746293 4274
10526463655 6825
10495391267 1386
10136067263 1919
5666473198 6125
3088609243 1565
2236455574 989
2157872230 3385
10708913337 64192
10577682617 6407
10577377368 733
10535292470 412
9793308933 832
7872343282 575
7823137182 1839
6283720248 561
2821905072 2483
1180269832 677
10526434002 652
10410945205 3835
9975893742 493
9503696692 562
8752324161 3134
8475779172 453
7671049560 1650
4944984948 4008
4908792642 1144
10765686447 10804
10415845204 3722
9209811415 842
6495484417 929
5582285009 530
4348829796 9962
3560583071 1191
3261058889 524
10764328008 1522
10394064134 2775
10175155684 1083
10168229420 304
8890288888 549
4987467534 1363
4839802560 39713
3258873704 1283
1430007363 1626
143384880 375
10682099418 2067
10681914462 19237
10384890234 757
3426175130 1157
3149100453 699
972475338 2295
10756011174 29650
10376944238 2618
6336741296 3317
3613478757 407
3420059569 1191
110181652 2531
31970568 4283
10524813259 2104
10350558449 1309
9750361560 757
9119782663 1215
8751492147 395
7266261686 371
6646518350 341
1701332290 1427
10765298801 22027
10757247806 1729
9875383684 567
9792551117 1496
7656769029 439
10417987249 961
10184247393 1786
7629331599 5067
5508238359 3169
4676287985 701
2826640183 297
2538086639 649
1480782352 1457
10764926550 15702
10753751277 10046
10421154706 984
4669328522 2888
1668992109 2699
605887098 2718
10258991999 16470
9970645639 7936
5782268341 648
4365819446 1906
10547918402 2185
9872977974 1205
9765324104 2657
6318887244 756
5421899973 1437
5371127625 709
4543855070 532
3873871110 1931
3419284255 3077
3177453609 417
807930589 846
540382210 1631
10554316588 604
10480998942 829
9490116046 5415
1165835263 461
10275970697 619
10139325104 591
8450472355 972
7577791613 916
6128091457 2870
6072944764 1273
5905501282 346
2366560560 2715
547524060 7682
10548618687 374
10420582875 1465
10067540823 662
9753814298 611
8473646150 427
7118588325 302
6280758286 994
6268803418 792
5351931175 1574
4858558391 751
2719766208 431
10664667515 1618
10242984742 721
10117986107 1227
9175015027 552
8722889197 305
7569509385 1021
3293514480 876
2954818192 2308
1999874107 2603
568307879 467
147332621 759
114070244 769
10020287053 749
7510907928 323
5845755850 541
5488708927 394
5207621753 999
3835375262 470
2802559498 578
1775919872 518
1359573625 3894
1003981402 1131
10667357873 17282
10138624079 6612
10123059921 4279
10060242820 2569
9906154135 2025
9785048253 1288
7921879545 1249
6749060816 6021
6736482454 505
6594435384 1119
3846592040 627
2626227051 3234
1147304238 797
873703865 748
10765332568 2192
9513686983 2243
9155036056 1076
7058980030 5202
6795084137 270
6324644175 5080
6097519616 828
5599532653 378
4391829435 1848
2435789930 4565
2380077519 10286
1187091887 516
9344916045 1456
7307246329 440
5910910774 427
5108158764 1110
3620011279 626
3124818385 961
2851381018 7040
10370802481 4596
10253235584 1973
9811924734 4408
9112256336 677
8374113155 921
8309394444 298
7665084235 592
6717464085 386
6431828693 1061
4990998060 446
4987856151 4698
2137105308 955
10648820673 2599
10634461028 13674
10514223296 5184
10031505426 3857
7787359931 4617
1769712451 859
10757504146 1642
10000918243 344
9813946433 438
9517627739 975
4862269388 937
1016936714 8513
10140010190 1663
9362896961 3456
7856039629 7913
7613970129 945
7381952833 695
5208051158 582
1111698561 345
10761375938 3290
10759661128 735
10195997258 3725
8093473699 389
7030416430 333
5550530788 709
4826476142 386
4627714100 316
1852226622 13117
10545879268 561
10515406328 624
10411121857 302
10039889230 3755
9903325235 523
7265977477 1490
7037673488 548
6931042565 41507
6696082534 611
6579282112 873
5835368537 668
5688684783 1236
5049569843 373
3983828495 666
10601155553 8700
10013279162 4257
9952820791 1552
9569441921 517
9255588637 863
7114667385 1292
6845400164 575
6760085372 6024
4652129092 457
4282689669 324
3405618667 4458
757291724 1221
10500388554 495
10334731049 558
10289201563 4261
8965717730 742
8813969120 5173
7658304545 740
3448264866 2999
79609758 1338
10764297006 6715
10680768992 1356
9583356773 673
4793836769 3771
3826087550 506
3704826615 1306
2327461601 787
66654135 227831
10254680421 5751
9655781693 1018
9330730057 768
9137416017 293
8203580812 335
7935634976 2085
6161049307 2063
5544551093 1318
4849157113 345
4444526080 663
3993508361 327
3476371299 458
2822776643 4210
10485201326 1905
10040497010 682
9480281767 5709
8420907710 1700
5265857965 4284
3615728730 930
3256689155 365
1707552920 460
10755094976 630
10701628624 11688
10439568447 2664
6443367640 6942
1494262959 2515
10765529256 660
10764533320 7006
10440342381 4246
10272975313 1205
10061124506 1383
9803970239 3679
4730278139 7130
3539082945 577
3317679266 3020
2113323331 1538
1434220026 307
985731078 1835
10551595617 4546
10399136326 12272
9694335093 826
9050667716 645
8618660961 1082
5812546130 626
5295169598 705
5195680485 367
4342047058 5775
3347455347 680
52547718 575
10387635049 3627
4949420752 29976
3936365689 977
3472652814 386
1271059807 2726
124283622 738
9963622286 2872
9522015993 1227
9501409571 390
9091133975 1640
8901905971 41969
7434179990 3961
5620182793 963
4998613478 488
4590309504 351
2916593387 1079
2132866904 350
10471583973 2781
10270349664 563
10083552936 324
10001039611 9284
7373459570 444
7317454210 787
6964415405 417
1930696602 377
1037979853 333
770538576 408
10521797740 5215
10455462279 3903
10419655626 873
10259258713 1012
5615055859 2229
5526272622 303
3717264063 309
73885730 7356
9711289915 3330
7289427971 243
6167925365 1392
3661343497 1608
3354479870 732
10356701370 514
10127764368 313
9273584416 316
7435020231 387
7079152534 347
6651302260 1886
4535642329 416
3649378258 571
98929893 2146
10753487407 3637
10529067596 1861
10393620082 2208
10011808151 630
9796898051 11297
9216313546 2175
8539298853 5203
6017624138 1991
4497460596 1300
3746418487 2769
115797356 1047
9807783902 2059
3114128441 265
2640407187 1395
2023680558 2877
1871908106 778
1489026993 3308
1176784616 16331
10383973024 1654
10232373522 364
10160578219 701
9395278151 1481
8935993972 523
6671012142 426
9781580133 335
8430503828 1185
7450497506 3932
5407131262 1283
10717199977 4394
10340721921 501
9084112733 876
8641602265 1422
7948426536 6151
7812848099 1187
6153964325 1060
5092535555 650
5039839070 9489
4991126644 2187
4654951132 295
2251388500 2572
2073329983 1630
918677693 2108
107172930 1503
10209534490 3568
10066929248 551
9994252977 517
8925924444 1824
8724785394 1502
7707504980 640
6119928106 433
2157233282 947
10761375767 1854
9903685259 864
8504461817 1720
6049736902 1429
4686994428 2546
4153755477 2336
10565445771 902
9892207761 1510
4723764956 14856
3808223175 1622
3623695803 531
1720936166 1828
7498898979 1487
7120911607 946
2589957623 2890
1654971928 556
1247975681 456
10351850295 2337
10269820836 2125
8997131346 395
8959257868 669
7267853694 375
7094518649 10338
6154386310 824
3878727131 392
1794056685 974
10067868611 434
10067258922 2015
9885372266 4350
4420562665 8604
10431718987 3307
9998576154 1973
8214054500 493
8123308765 298
7874651625 1447
7541395924 829
2195939586 619
10507650215 593
10460801145 14009
10200395747 2520
9948575164 1620
9125259344 2527
8343243056 687
7687524641 1385
4107809076 771
3170483284 807
1073273083 437
10149910491 1297
10057403337 8582
9968527241 640
9912025777 2198
9312646406 3594
8846911260 562
1946714362 2610
10381830868 533
10103595714 1217
9859948536 426
9257800423 1764
7729029844 322
7072674902 277
7008097940 12097
6583326485 2616
3715101004 779
2492481398 476
1511883870 3798
10310999762 3883
9735583968 3597
9534705677 13467
8066283370 1594
6935083490 910
3645347821 314
10759485670 478
6061766680 4283
5844427042 1859
5074882778 603
9382839773 3613
8322865535 2181
7069852763 1470
6725604380 444
2160907981 345
10749831764 708
10635348596 4091
10577588270 4457
10241000620 1928
6163884815 1528
5668874170 470
4518152312 986
2711375305 71894
2527789729 3097
2294168059 2700
1686885941 422254
10684750879 38502
10383037602 1020
10020612607 539
7738524573 3391
4595016786 2635
1638323641 1448
10368005384 1322
9940725596 584
9463334671 348
7082423811 1211
6174994284 3720
5974860429 1166
5096440156 912
10759638075 7719
10690360998 4852
10588977897 882
9294074907 15517
7497802350 842
6170013953 384
5866227438 1194
47545 4858
10456511458 3559
10338952197 4885
10236023188 1421
10064401653 596
9788139379 3785
6155282395 612
5451143054 3808
5114328099 486
3945578236 4482
3759884822 836
169302362 866
10685282333 34625
10455741150 3144
9994252654 358
6651491108 546
6353751159 3946
4673599750 1576
3183403065 2068
1119466531 370
10764897725 12888
10372466625 445
8081472583 434
6805295218 403
2020908522 844
79301772 4838
10766456501 461
4330936850 445
3725528263 717
10526853622 5315
5903289376 1181
5137182603 344
300039023 420
140733710 2315
10008606756 909
9723617424 412
9348272796 4574
7243236309 852
5117983607 1918
1699553764 404
10626746750 945
10409732219 1289
10047813675 1059
9226697658 695
6786784563 1448
6649845578 868
10405010493 2806
9784759642 468
7721537973 659
7208219743 1672
6019027471 2495
5272606478 2351
4666164093 393
10456881513 3314
6190071862 2219
3472976893 1183
1531130248 926
10766426236 658
10267363348 974
9707841805 558
9662130710 2400
8937254139 941
8615117785 325
1998835206 2210
1888174103 522
1269441040 331
10718240577 3221
9961389755 640
9497278040 289
8836568224 2163
8198412649 1302
3322582746 403
3264581003 1177
1235188606 8891
8799094487 881
6231868526 341
6190248755 876
2491559356 851
1851087906 1602
892043755 4619
228573408 689
10765035506 700
10765013362 7402
10537346933 905
10536000210 1382
10493730706 447
10272020404 470
9868545229 694
9710205604 381
8832884753 585
8546873728 1596
1525626450 4538
1281592938 3956
601130232 24940
10399413858 1986
10057343903 2933
8950496606 1154
8342498724 3006
8238748429 355
2402796421 874
10675117523 14092
10189903609 5723
9599808796 725
9510573507 1710
9508201896 530
8228371304 470
7534782259 505
6738135827 786
5927446137 583
2754593977 3048
2577700536 416
2544016903 819
10482905194 1281
10281666052 2397
9442472087 684
8601956127 354
6247557414 451
5829613337 2496
5195168716 816
4785126950 706
4430449940 503
4197966812 2093
3962631979 557
3730079862 5619
10765629453 3817
10552540426 2356
9872734936 4996
8507699752 278
6136243726 2527
5795519964 949
3210778402 911
1072353049 3156
10766725034 10400
10737127681 577
10417857486 382
9711972386 301
7706951053 450
2087494287 1209
10541331578 709
10378885079 1820
9877481048 1792
9671745030 633
7155018773 3179
4187559009 878
3195917432 358
3013715655 620
9857818180 355
7284582661 387
5822068820 1941
3990106548 6536
3747388906 2254
2426874309 327
2165551367 405
767752328 331
10764839604 5077
9298096434 502
8366716517 773
8316902627 2210
6628327758 706
5203828273 69128
4760747038 343
10616474341 1404
10528250136 1437
10052184484 405
9549278601 2276
9029936173 1266
4924789901 4888
1452258989 910
1393178180 981
10292947079 651
10205419329 819
7229780065 564
5866486371 314
5750914919 65426
5668114043 971
5549835355 704
4044579438 1260
2126386806 1465
10507075860 2468
10453281197 471
10035204815 116909
9837612476 9190
8744978097 341
8156973419 1152
7877723741 1451
7378605382 793
6069634717 2015
4948814458 876
4518160318 4097
4018794732 970
2369077151 4069
1198533421 741
10550257968 12316
7326934954 140279
6593208232 309
9900286623 1664
7938992417 712
7891669427 711
7646154613 1359
6083162964 1061
5677613211 2202
3359505957 3228
2171758161 512
10255788071 3672
10246872585 850
7128163167 1152
6635513269 6828
3951147015 1214
3421408084 505
3264293423 379
10406853972 710
10108046010 1718
9940944640 1304
9198323655 544
7673659635 2855
7028566528 7320
6535370051 341
4933348430 440
2619619496 28986
10763860058 940
10267571771 983
10257007695 295
10130749197 950
4563062026 357
3802391897 304
3408154779 410
1087859240 807
83858907 1903
10458028403 348
9787206684 942
4147392742 462
2283649692 953
1921509404 1085
1390601379 2037
1315450727 387
10475794799 3714
9496852407 1000
8017401632 1484
5422546686 3631
3916548970 390
3756501373 1525
2727447177 960
2605831977 335
2549475383 2337
10747920845 506
10608908197 362
10297836599 2783
7108384194 11110
5944821008 1790
4720386144 1100
2152417643 746
321279858 341
10188144423 1427
9940812243 2632
7139435866 576
7101140819 724
10272236945 764
9043900837 299
6011188518 506
4743794878 3566
1802622907 1390
358276974 2655
10059548251 2257
8669550197 2067
8562618273 301
6331902150 56993
3882062045 970
1776914212 3378
9540040997 334
8269273068 551
8079278639 407
7374930268 551
5709370512 301
5216419122 1104
3706757136 618
833209132 418
9372077571 220
7294208165 265
3457700596 2706
3110388936 3004
1415710834 1359
10761200080 2654
10737256446 909
9953328866 633
9661927199 737
9449993534 3507
7546582051 657
6451948378 1082
4283416256 594
9303771057 1184
8759966530 934
8646444640 1287
8307114974 6590
7599404611 455
6920090082 372
5045757922 292
4170977322 3375
3227754471 503
1054526971 4130
10765061113 3168
10764479526 6619
10576739951 1352
10372351735 1472
9741874508 4120
7178032757 6599
5153268250 362
3317064564 612
3258251641 312
1516533665 33906
8294794009 401
7677035096 344
6797677834 418
5995470825 24252
4293374620 12360
10598688389 4437
10152905521 2389
6164853651 1153
5026122481 3106
4679222104 524
850110028 3496
83148140 1403
10766135603 3325
10765078176 2539
10669713140 1496
10630800860 13819
10127797448 3218
8041232013 817
6676099788 801
6239989165 354
5805053299 1095
2393639258 339
1953956112 342
245662005 8410
10435851846 696
10415694629 5970
10232922349 395
10008717728 454
9758027784 2154
5518683179 597
537476076 313
10643795368 4309
10642702105 679
10552240401 4783
7685678300 5591
6599600818 1158
1787711941 1221
10397566868 1283
10390633859 258
10276281921 613
9564673841 1770
6369934270 3896
8946565814 837
7468338447 375
6996253752 487
6787644864 1979
6216468795 328
383310974 178586
10244001346 2654
9582986239 3931
7964539330 498
7372152033 768
3346892457 1296
1374118848 380
10113997049 1256
3502524667 825
2682938349 7395
2176187244 1463
1802741133 3102
10662463285 537
10430413968 1061
9969095451 334
9774284077 1808
6818915584 1260
6623153829 207
3365661357 797
2324018757 392
1202096104 23041
9452898647 278
7663926977 337
3717250353 653
3512256796 1607
3289847355 460
188736399 404
78084559 535
8847904177 377
8488806742 752
8450202664 712
7483856345 843
6371309794 2648
3310460039 11652
10700505394 1777
9957338123 5722
9837325548 1954
9073513091 1846
8836631593 581
7018190066 14664
5887211857 2827
4931927012 3944
4571439504 1078
2943850166 2330
10759415852 1027
9051406594 8201
5455619189 661
4960950398 480
2406494408 438
2278167893 272
1673554668 1387
10765288803 28401
10583634958 1678
10371406677 9966
10352185757 728
8723526551 365
7778848023 475
7720654467 2625
7113705633 358
7082244450 475
5678284602 754
10466601694 2730
10261267004 14303
9965411707 4179
7623259179 3695
7521520342 1004
6389489439 490
5620725145 489
4772345874 2649
3781225418 419
2274830359 6664
21164849 4779
10452740285 2618
10448889633 535
10247712813 449
9627655329 1284
9491545867 4298
9315739469 714
8705454731 752
7709344486 88063
7332711118 1839
7023305701 446
6945584306 14057
3825332406 329
9830725726 2221
4263371487 1095
3204175584 3446
2401478287 360
9399884981 772
8881302585 1577
6505212049 363
4610249460 370
2305929206 2083
10677698797 3604
10197758650 1617
9660713566 1386
7391615616 403
7359962123 3234
6329693946 1253
5747152246 417
4267277633 2027
4161745937 353
2872881913 1360
1709917610 1469
21449357 875
10628907188 2840
9481391333 3250
9459951439 326
7265339759 1032
5625220213 768
903807016 12030
10579389074 2127
10030829154 1958
8902327228 303
7398552394 12432
7141367886 701
5830262966 902
5485660832 439
4419888429 420
3992524315 349
3262314006 672
2355999843 8086
10765279487 6995
10393438342 1386
10173311467 13290
10148749921 34075
9931749389 8489
8365871374 949
7145230420 382
6163740913 438
3494556606 345
2149444938 481
2114144926 376
98839997 588
8841437826 2019
7585140258 18748
7128251171 926
6787216875 1089
2082205150 745
2026574412 417
10737231383 2702
10440833423 3098
10384841418 819
10094225577 1844
10091766471 1673
9186719164 1428
7089588429 2856
4925010421 868
4785982047 1485
3887521769 993
10249209189 1734
10113294071 310
10110316965 2047
9960184903 398
9952351777 880
7746026531 667
6726637224 3091
6596627293 477
5972059550 2261
5731967654 831
5484165112 553
5265950669 1768
4753878751 363
4712109542 526
485929611 785
88070565 20258
10705618167 627
9293574407 640
8791358380 3309
4777817887 19334
4576226059 631
3317771874 28350
3311164447 427
2805713501 303
10732236937 17956
10247797619 1885
10090256806 3934
9929436407 609
9910245722 3300
7658839393 351
7005891584 1459
6638489184 682
6144216261 323
4658598196 13919
4263576532 1303
3891658292 443
3344795851 470
3267012194 1366
2017809925 1480
9656201728 2154
9058303084 419
7264587281 4247
5851294352 656
5492723512 689
2092410051 1557
2007050448 2071
484789923 613
10456832990 376
10171934713 1503
10080411105 435
10065013948 2562
9286558970 1588
9276049439 1210
6683166603 378
6505338302 3239
6500938341 1058
1701623492 512
9001634416 530
8883775493 1291
7798947148 1322
5112244393 2765
4864117649 1470
4582358979 1631
3198546127 449
10351246089 1069
9272395657 2183
9065022692 326
8600977079 710
6417564879 3012
6238541028 560
5456952508 2092
4994161230 1463
2583564222 3063
10761884278 326
10526166728 817
7448595637 508
4252393983 456
2979369058 3282
380704901 326
113491250 2406
10364947962 934
9930466428 626
5580972377 3253
5367389312 3900
10637513477 593
10404519332 2528
10061909806 1012
7735580090 286
6508759464 1641
4981761600 710
7356195012 730
5554050692 328
4542048826 430
2652888345 2583
10724269636 4449
10582281852 585
10255492538 389
9860746424 834
9792947201 441
4053293514 3127
1536694921 382
10531477636 571
10232686472 2814
7232697205 331
7015341259 2413
5578556129 15723
4917368083 1861
2263267302 352
533435040 622
10742019356 1294
10628526114 5940
10324001605 2643
8524572339 2252
6765805766 23074
6491900489 1065
4956911744 623
2309918273 1245
10601447895 459
10551923502 910
10391036163 2378
10173396939 411
10059591740 315
10043030167 5734
4228233498 725
3827505494 403
2220495353 1707
943733974 345
10765091041 7793
10536853610 358
10391461348 2270
8178086002 9796
7856508689 270
6421358579 1230
9929870476 286
7073604286 1715
6317476162 938
4807308814 1662
4540138978 9121
3240075297 44187
10694549945 1806
9815834699 2388
9526307912 326
9485131494 1010
5753515186 327
4836254499 2617
1659645941 680
9539483725 1005
8080863905 1138
7547226895 340
3808081382 50633
3647333358 25440
371263894 9354
10514488908 640
10420832668 1448
7800961209 623
4142544848 526
341654025 1955
10406956174 749
10112435932 295
8006379851 1420
7996365376 7314
6026405541 1148
5371687033 742
5012222382 806
4452297356 10065
10101367087 416
9759082891 2979
8160348242 6271
8104504677 834
7212930772 1004
5351168809 3187
1743990973 389
1527252839 722
465016798 1229
10450501528 314
8828612659 455
8497987845 1236
7780633647 2924
7561154969 482
6100103590 1954
1359546589 604
10081194651 386
8851542818 1583
3624423521 2201
1718755273 717
184199275 12169
10231871497 963
10204207151 340
9903482381 827
9384605736 1140
7883776681 5192
7395930870 13827
6149186864 781
1701518532 842
1008451066 3596
10346503194 366
10321202755 7050
6701277882 74203
6118645803 587
4028801234 399
1451439645 4597
10357992717 1965
9472441390 5776
9150975254 268
8238863102 1809
1952819680 477
1860435730 339
10561352230 1707
10428543942 545
10131390815 2221
10069043526 1751
9551044479 3398
7139547730 310
7084172542 355
5239362765 3185
3332494509 325
9812090239 1240
9663968307 2041
7794218964 464
5479908441 319
4983034985 15827
4659996100 521
4362771421 594
1214576306 1447
8000413855 399
4599924264 1510
10761687472 15123
9585346472 1867
6682487255 7503
4221956550 1281
10690942083 3783
10446291786 1481
10165276442 1071
9232634201 588
6936784768 1481
10766138478 9775
10647949490 2400
10187294555 1682
10162859180 1747
9732080947 1008
7339682753 974
10438013523 1662
9761700404 302
9296042754 4683
8520148363 5035
6770632849 640
6751400610 810
2921237723 338
10762388019 10825
10213583516 285
10153098880 2162
10144587520 4267
8237105425 1754
6862378638 320
5597371866 296
1160789089 1040
578392296 19036
10757498504 2531
10737656087 3388
10435170241 591
9403708294 513
7760134732 836
170247232 381
10598641427 609
9874419878 523
9409870130 310
8646185650 344
6691764291 639
6215464786 1535
6113928308 1528
4019583467 1923
10494847029 408
4193032947 1051
110988953 316
10649255304 5468
10405785379 1425
10187487133 711
10008450782 370
9578994406 349
9499439936 690
9210599831 1588
8401518398 8041
2200020629 427
1053132402 1352
10517428659 501
10309128556 1399
10067177814 365
6824865908 486
5166944221 5833
5111507958 965
3219620210 815
3191268194 1433
10654199482 466
9836330876 1236
6332376065 1441
5683563195 599
3056160040 1132
905954377 385
10640957718 375
10418117926 2765
9315472782 250
5432177771 284
1175471394 419
10534873486 4252
10270331873 805
10098095975 669
9105075853 447
8794536584 415
7411615879 1110
5369242581 348
625764726 580
10605467256 5785
10441199872 1477
10241783978 748
10217234318 526
10183029417 684
9513407177 1345
8051653879 353
4049246711 19904
3864279452 1442
2783797267 12037
2443177453 1982
1709832923 615
2327642508 495
10762757054 8369
10504837200 1567
9971895648 401
5190405772 369
4367208330 1354
3060525991 455
1650291138 645
1000233041 8289
10604772590 3808
9584852943 86179
9561553764 11926
9344307274 738
7474367816 4208
7396511690 444
5665943560 2062
2788648141 2468
2408700413 674
1831550657 30722
1648496580 3229
10604542637 345
7557272025 935
5611522097 394
5329077236 423
4871329703 762
2153167977 1075
1316421563 376
10697889407 472
10614082913 713
9918481645 337
9357218675 446
7934320560 2378
6275120808 1899
6035872082 154876
2350840700 1668
703124385 20530
210851291 14017
10715453071 10125
10714746778 6702
10119624374 2988
9364041968 2180
6751447237 2332
6710993025 388
6593476325 2807
5269058522 423
372226183 27821
10502841145 12186
9701909402 961
9641502068 11517
9416689400 554
5576955991 1458
2621511041 2374
1733898268 369
9550141430 743
9237297311 768
8438027136 270
3634139746 638
10553704684 3696
10454932245 481
10182049622 3125
8353962342 547
5819738730 312
5633615594 728
2862098693 4959
1325411718 1274
10199301628 7190
5080118977 568
4712126054 444
4343544885 1293
2564505263 621
2247578975 2055
10189601764 557
9906378607 1998
9801436549 406
8014099969 729
3741075732 511
10612017628 4974
10205485380 989
10091482757 757
8313824597 583
7960300951 2936
7943133183 874
7037902226 873
3734304510 1947
321778215 11755
10224849445 523
10203815049 597
9714537627 1171
8485482226 329
7911332924 1497
7738927312 714
6500439907 539
3841172115 1124
3097803944 1291
10741302505 2741
10501944811 2127
8997725599 476
8243724761 414
7983308985 957
7344582593 2182
3508322461 156786
323675642 426
7261493599 431
6676452674 630
5728147388 1267
5026970880 3040
3876150506 1884
10418381226 833
10178802449 1403
9758688665 1248
9456449045 318
9229146348 719
7641240255 559
6777528662 485
5885971085 1089
4568630521 6255
4415513621 281
1424449565 453
6739698191 25876
6688157118 2861
6568417585 2685
3475191052 416
2548183080 472
10741654282 15840
10364552556 522
10144280947 10774
8776018564 320
8223345519 964
6714256816 585
6657933195 1090
3079618996 3392
1230230722 4112
571251690 1009
10759860151 2161
10727829780 1423
10310563053 3899
9908641400 4504
9833852980 441
9219116196 1014
8446266018 727
7219654364 69803
6487579144 1049
4408288935 993
1312971993 1542
10458789587 1538
9312746495 1012
8719555347 21314
7939389895 484
10377327838 732
10191144118 719
7115773109 1560
911750776 3610
10765032875 3453
2440500124 110407
1278035280 8405
10010371086 837
6530766336 839
4778845442 3102
16680835 2949
10751572992 520
10096155511 3213
7882829745 378
5361032378 34238
5359468080 366
5148099079 616
1719305066 620
10761115872 916
10340194375 419
10329489265 3455
10092619788 1135
9851352969 1587
9354709602 500
8203127178 906
8080493298 1892
2992873140 9440
10226701629 1878
9679514364 451
9324506782 420
7462622504 322
6595926329 352
2198666251 275
7497471789 3926
5807622548 1904
1648467492 1376
10335105369 740
7429689898 308
5806843156 1672
4429851038 539
4165164803 9458
301252049 365
8881105040 562
7447878628 1548
6601115643 1667
5012919657 425
4998493959 2774
2324662457 1713
8279887603 619
8204806107 1116
7325821778 408
7081611770 668
5329644515 439
2827951974 522
1091907805 472
10638354731 303
10286150288 1199
9338511689 513
8212026736 472
7990186056 880
7835102410 334
6504986360 5213
5031482529 648
4234745929 488
3164075108 3222
10204542673 1647
10198825880 949
10181483914 941
10138988383 322
10045085816 418
9958694666 750
9843234816 1618
5569032992 339126
4931991343 336
2655478023 2192
10766494202 1670
10587328652 1389
10196660716 517
9156711629 1079
8095834523 731
7822444776 4101
7750955984 895
7453941040 1602
7274244096 4436
5650396773 9089
4007686136 1205
1871172282 640
10739681803 562
10575619152 1094
10514280922 1157
10329213173 1265
10156435104 1536
9747555206 620
7972256224 461
6229706789 1248
3360454744 426
2065706268 531
9759989445 465
4901806610 696
106086152 333
10469426282 1482
10007524016 405
5595353122 121769
3515267380 1106
1335695570 596
65241 8636
10124421343 2762
9978329815 15352
9630276723 384
9549133757 296
6215986499 1028
2936053166 13060
2404080894 2921
10696894951 5641
10530261598 2850
10256263771 622
9802644580 741
9588121608 1008
9580564449 907
7780208150 515
6707924214 902
5698013839 321
5326310507 407
3837114739 492
2528641125 484
10263732883 1466
10253446435 1359
9282371706 397
8058628992 528
6190384723 466
5286749994 299
3761186887 875
3047037061 1628
10763714513 2181
6745933496 960
6421821251 628
6399835454 307
5244979723 730
2729513759 2215
1782832995 1465
10437809977 431
10418224975 3034
10205184118 403
9934614409 448
8375166760 874
3989768869 543
1637284552 1016
9671940985 782
9511365396 1058
8869088870 1263
6010232141 4944
3869462497 1661
3085257211 6421
