pico 1 día (centro)                    1000 1000 1000 1000 1000 [4000] 1000 1000 1000 1000
pico 2 días                            1000 1000 1000 1000 1000 [4000] [4000] 1000 1000 1000
pico 3 días                            1000 1000 1000 1000 1000 4000 [4000] 4000 1000 1000 1000
pico en el penúltimo día               1000 1000 1000 1000 1000 1000 1000 [4000] 1000
pico 2 días al final                   1000 1000 1000 1000 1000 1000 1000 4000 4000
pico en el 3er día                     1000 1000 [4000] 1000 1000 1000 1000
pico en el 2º día                      1000 4000 1000 1000 1000 1000 1000
escalón x3                             1000 1000 1000 1000 1000 3000 3000 3000 3000 3000
escalón x3 que se cae a x2             1000 1000 1000 1000 1000 3000 2000 2000 2000 2000
crece 30%/día                          1000 1300 1690 2197 2856 3713 4827 6275 8157 10604
crece 60%/día                          1000 1600 2560 4096 6554 10486 16777 26844 42950 68719
vecinos a 0 (huecos guardados como 0)  1000 0 0 0 [500] 0 0 0 1000
pico tras otro igual 7 días antes      1000 1000 1000 1000 1000 [4000] 1000 1000 1000 1000 1000 1000 4000 1000 1000 1000
pico tras otro 14 días antes           1000 1000 1000 [4000] 1000 1000 1000 1000 1000 1000 1000 1000 1000 1000 1000 1000 1000 4000 1000 1000
caída + pico (mismo día -14 alto)      10000 9000 8000 7000 6000 5500 5000 4500 4000 3500 3000 2500 2200 2000 2000 5000 2000 2000
huecos: meses entre vecinos            3000 2800 9000 15000 10000 6000 4400
